-0.57093
-0.84438
2.1208
-0.11827
-0.78263
-0.18324
0.18937
0.13272
0.7627
0.832242
-0.75086
-0.14423
0.63335
-0.21235
-1.0999
0.25463
-0.3381
-0.13367
0.10256
-0.43224
0.46547
-2.0243
0.018836
0.043572
-0.65138
-1.3284
-1.357
-0.27122
0.71814
0.34957
0.02587
-1.1649
0.013402
-0.67814
-0.019275
-0.43444
-8.6086
8.30586
0.54129
0.26908
-0.23495
-0.15443
0.45664
0.8394
0.77385
-0.29242
-0.18733
-1.3284
0.44494
-1.0865
0.070074
-0.66298
0.827913
3.7175
-2.1611
0.7025
0.88664
1.2015
0.9279
-0.62184
-0.39414
0.74986
-0.51459
-1.0216
-0.61739
-0.41501
0.6366
1.1348
-0.75476
-1.0905
-0.10307
0.93478
-0.32229
0.15957
-1.2839
1.3901
-0.68778
1.0443
-2.3983
0.060935
0.74817
1.1017
2.5523
-2.024
0.032148
0.88781
0.541105
-0.75107
0.92864
1.0711
-0.22542
-0.25101
0.43423
0.35008
-0.54638
0.90992
0.094021
-1.0137
-0.030019
-2.0285
-0.99369
0.51975
-0.29761
-0.25958
-0.50213
0.24672
0.90949
1.2608
0.78615
1.196
2.2794
-0.049736
1.6173
-1.4126
1.6467
0.011781
0.236
1.3683
2.1138
-2.1616
0.71353
1.8336
0.90748
0.82146
0.1974
-1.5668
-0.59472
-0.81991
-0.74075
-0.40645
1.1626
0.86271
2.0509
-0.72918
-1.3017
-1.0132
0.12001
-0.46667
0.38645
-0.2796
0.68776
0.28207
0.45062
0.17246
-1.2501
-2.1151
-0.24872
0.32663
-0.26952
-0.7219
0.99375
-0.94437
1.5541
-1.1473
-0.11556
-0.92131
-0.45591
-0.27707
-0.46728
1.601
-0.72415
-0.59923
0.18529
0.11951
0.021264
-1.6451
0.83204
0.71235
-0.7617
0.83682
-0.94098
-1.5072
-0.81339
-1.2898
-3.3043
-0.41151
0.777
-1.1009
-0.47499
-0.44744
-1.2801
-1.8363
-1.306
-0.81588
0.98797
0.53589
0.42472
0.5625
-0.9093
-1.4536
-0.59189
0.09813
-0.54508
-0.4631
1.3914
0.46295
-0.60498
-0.28633
-0.29868
-0.93076
0.92841
0.13554
1.0351
2.3378
0.76383
1.4244
-1.6951
1.3817
-1.102
-1.6895
-1.0781
-0.095187
-1.5385
-1.7351
-0.23827
0.53926
0.79922
-0.29879
-0.99563
-0.13393
0.13441
0.34795
-0.093612
-1.5395
-0.36797
-0.084279
-1.8352
-0.70245
1.6789
-0.72646
-1.6379
0.021243
1.0431
1.037
-0.90616
-0.25054
1.4538
2.5375
-1.7072
0.23945
-0.056234
0.87762
-2.0388
-0.84911
-1.5496
1.7025
-0.15113
-0.96307
2.2978
-0.010818
1.0661
-1.1395
-1.9576
0.89314
-0.89115
-0.89687
0.47813
0.092348
1.2288
0.34044
1.4505
-0.58063
-1.8459
1.0281
-0.18711
0.77832
-1.1824
0.33031
0.18627
1.3319
1.0474
0.52381
-1.0698
-0.30262
-0.01789
0.43203
0.90229
-0.47409
1.8405
-0.66791
-1.3261
-0.45979
1.1271
1.4562
0.50698
0.40004
0.20856
-1.6678
-1.5091
-1.0096
-1.6444
-1.9257
-0.34431
-0.1525
-2.1025
0.78518
0.17196
0.016364
-0.18508
1.2376
0.0087861
1.9885
0.14613
0.76819
0.5558
-0.40927
1.0987
0.1275
-0.16428
0.17112
-0.5771
-1.6797
0.80714
1.6363
0.10572
0.59756
-0.3408
1.5536
-1.1279
0.79604
2.2845
-0.74887
-0.55141
0.73361
-0.73353
-0.148
-0.52457
-0.53263
-0.94045
0.65081
-1.3793
-0.28224
-1.8906
0.97188
1.411
0.29383
-0.57681
0.57125
-0.94958
-1.6325
0.83591
-1.7125
-0.41037
1.0833
-0.49629
-2.1031
-0.007797
0.73433
-0.53613
0.32533
0.58701
0.21993
0.2779
-1.5893
-0.38749
-1.6126
1.3031
-0.85277
0.025123
-0.076667
0.10254
-0.27586
1.0539
0.0033009
1.7857
-0.98983
-0.77559
1.0976
-1.8887
0.61275
1.3847
-0.22432
-0.23442
1.2326
-1.3084
1.4161
-1.6119
-1.5987
0.8694
-0.99329
1.2593
-0.95391
0.56397
-2.4886
-0.98124
-0.35427
-0.61623
1.18
1.1514
-0.47943
0.11976
-1.167
-0.21973
0.76403
1.1578
0.45893
-1.5428
0.14777
-1.6536
1.0067
-0.61703
2.4358
0.17008
-0.1312
-0.57501
-0.21936
0.56318
-1.2893
1.7366
1.1479
1.89
0.27279
0.77196
1.1804
-1.5843
0.88963
0.013654
-1.9073
-1.1746
0.46952
1.264
0.88669
0.37095
-0.96106
0.44645
-0.56021
0.9809
1.8943
0.5042
-0.86838
-0.21024
0.11207
0.9418
-0.74776
1.1615
2.6588
0.3766
-0.13598
-1.4338
-1.1334
0.052882
-0.24209
-0.65329
-0.06473
1.4446
-1.4798
-0.14557
1.295
-1.0015
0.37787
-1.0366
-0.76569
0.50713
-0.088678
1.6168
-1.3864
-1.2622
-0.74365
0.23379
0.7075
0.59302
-0.48647
0.16284
0.50133
-0.21111
-0.97907
0.86551
1.2977
0.16326
-0.39752
-2.6001
-1.8184
1.1747
0.018392
0.69292
0.44268
-0.69029
0.58476
-1.3038
-0.73331
0.31569
0.016049
0.18074
-2.3731
-0.74109
0.53644
0.26679
-0.010297
0.036991
-0.55287
0.64186
-0.11092
-1.4347
0.71383
-1.907
-0.48392
0.0034974
0.036315
-0.8255
-0.566006
-0.39709
-2.0301
-0.68046
-0.13433
0.66176
-0.66273
0.080654
-0.14798
0.38693
-3.1002
-0.47564
0.78139
1.6139
-0.029692
-1.0186
0.64913
-2.3101
1.5331
-0.01345
-1.6618
1.3062
-2.3201
-0.89572
-0.47634
0.20477
0.65626
-0.55846
1.3189
-1.3748
-0.26766
1.612
-0.29321
-0.97272
-0.093595
-0.10689
-1.1548
0.39849
1.1318
1.0581
1.0279
0.75626
0.7525
0.52347
-1.355
-0.1174
0.37013
-0.82907
-0.79859
1.4672
-0.17769
-0.7237
-0.97
1.7664
-0.41596
-1.0169
-1.0867
-0.67091
-0.53755
-0.083492
-0.14679
-2.1268
-0.44061
-3.5346
-0.05527
-0.98639
-0.027542
-0.51602
-0.50077
1.0045
-0.26898
0.055389
-0.23406
-1.027
1.6659
-1.1939
-0.37386
-1.3115
-0.40829
0.90762
0.916
0.34772
0.16469
-0.64255
-1.3048
-0.31137
0.6354
-0.69128
-0.22026
-0.55721
0.10502
0.048541
-1.2245
-0.89028
-0.93414
0.26155
2.0318
-1.0811
-0.83012
-1.0241
-1.0307
0.80707
-0.03548
-0.85721
-0.53434
0.65555
-0.75591
-0.50413
-0.41976
-0.19154
1.0825
-0.010583
0.55848
-0.38094
0.74888
2.1235
-0.66341
0.023664
-0.46453
0.34051
-1.9865
-0.86932
-0.97555
-0.1547
1.0887
-0.60189
-0.18079
-0.53824
-2.1713
-0.88544
1.0145
-0.63839
-0.88587
-0.76301
1.5787
0.083521
0.11706
0.07923
1.6305
-0.024909
0.91356
-0.24641
-0.32698
0.52955
1.0288
0.49894
0.56854
-0.31819
1.149
0.78874
-0.10333
1.0358
0.72957
-0.42189
-0.66256
-0.24361
0.61862
-1.5427
1.8543
-0.47347
0.41714
0.39167
0.022342
-0.58054
-0.15882
-0.20058
-0.51657
0.64852
-1.6747
-0.97614
1.1747
1.5275
-0.6138
-1.6435
1.5087
-0.1455
-1.5151
0.044042
0.35336
-1.5841
-0.32563
-0.57733
1.0065
0.27249
0.42372
-0.4774
0.15162
0.15741
-0.1106
0.19753
-0.42344
-1.5108
0.86624
0.27324
0.45668
-0.72118
-0.63221
0.34415
0.69815
0.68629
-0.12979
0.058821
1.8292
-0.94061
-0.87935
-0.79825
-0.98103
-0.5205
-0.7082
0.58307
0.17707
0.66311
-0.73564
-0.65407
-0.852
0.2737
1.0524
-0.77652
-1.8623
0.20261
-0.58101
1.5164
0.62887
-0.20168
0.57725
-1.6094
0.82002
1.0182
-2.3275
0.95302
0.31587
0.85609
0.38803
0.88862
0.83383
1.3091
-2.3991
0.19699
0.79607
0.28312
0.61562
1.124
0.38173
0.44472
-1.2169
1.4504
1.9557
0.1967
2.3528
-1.3619
-0.16874
-0.50156
-0.24289
-1.7789
1.1575
1.8836
1.1077
0.87477
0.89274
1.3152
1.3942
0.16349
-0.95101
0.038058
0.33154
-1.2719
0.39252
1.3704
0.11924
-0.1033
-1.0195
-0.0070445
-0.083868
-1.8912
0.43342
0.60174
0.96831
0.58278
1.0038
0.035541
-1.4881
0.52157
-0.89807
1.4714
1.2391
-1.3481
-0.041267
-2.1414
-0.1089
0.12016
0.4743
-0.79894
0.37423
-0.49687
-2.7665
0.49166
0.31305
0.89614
-1.652
0.4914
0.79327
0.12861
-0.75819
-0.5088
0.34992
0.70137
-0.8186
-1.4384
-0.44666
-0.20152
0.6117