0.82173
0.088953
2.2729
2.9823
3.0076
2.7478
3.2132
1.859
2.7221
3.4527
0.74462
0.20649
2.1148
3.5266
3.5888
1.7457
3.2003
1.964
2.8738
2.1692
-0.80502
5.5297
2.2319
2.2503
2.7246
4.7605
3.5705
1.9414
3.8168
1.7849
0.83629
1.7713
1.872
3.0682
2.4489
2.7004
3.293
1.863
3.1259
2.5596
-1.0304
4.8671
1.9071
2.2047
2.7494
2.2949
4.5279
2.4183
3.2446
3.1401
2.3626
0.14744
1.9404
3.1
2.9205
0.76945
0.035744
2.2213
2.905
3.2887
-1.0547
4.4243
2.1468
3.8262
3.3503
0.51288
1.7111
2.1412
2.95
1.3259
0.33574
3.2305
2.0159
5.3144
4.2855
-0.75923
3.8608
1.6862
3.2905
2.9395
-0.3975
3.3271
2.0627
2.7797
3.0162
0.8589
3.6188
2.1181
4.0653
2.1267
-0.46246
1.4719
2.2626
3.2552
3.5507
-0.2022
-1.1293
2.0285
4.0042
2.1252