4.6814
2.7333
4.8276
1.0978
2.8692 
3.2445
2.5105
4.206
1.4378
3.5935 
5.9525
,3.6787
4.2647
3.2894
1.9717 
3.6593
2.655
4.1298
2.1158
2.121 
2.613
2.7314
3.9162
0.55936
1.5846 
4.6691
3.2572
3.3289
-0.10909
2.8243 
3.9986
3.8201
4.89
0.5964
2.9586 
4.1427
3.1655
4.6878
2.0204
2.5284 
3.7241
4.5857
3.9963
2.7607
2.2051 
4.3336
3.0085
3.5585
4.2874
6.73717 
5.9696
3.286
4.4818
1.1587
1.9986 
5.5056
3.4235
4.5027
0.57214
2.0196 
4.5368
3.2338
4.3561
0.49492
2.7115 
3.8559
3.3949
4.4015
1.392
2.1005 
5.5306
3.2465
4.1812
-0.073375
2.2819 
5.3911
4.0421
4.5757
0.33814
1.8438 
5.0246
3.0747
4.7671
-0.28378
1.8234 
2.7639
3.8781
4.2686
0.65189
2.4097 
5.5452
3.3573
4.6763
1.5635
2.4143 
5.5017
3.8002
4.3013
0.27954
2.5757   